{
 "cells": [
  {
   "cell_type": "code",
   "execution_count": 42,
   "id": "8cf24f84",
   "metadata": {},
   "outputs": [],
   "source": [
    "import pandas as pd\n",
    "import numpy as np\n",
    "import matplotlib.pyplot as plt\n",
    "import seaborn as sns\n"
   ]
  },
  {
   "cell_type": "code",
   "execution_count": 43,
   "id": "0b5f631c",
   "metadata": {},
   "outputs": [
    {
     "data": {
      "text/plain": [
       "(506, 14)"
      ]
     },
     "execution_count": 43,
     "metadata": {},
     "output_type": "execute_result"
    }
   ],
   "source": [
    "df = pd.read_csv(\"BostonHousing.csv\")\n",
    "df.shape"
   ]
  },
  {
   "cell_type": "code",
   "execution_count": 44,
   "id": "c45d6e61",
   "metadata": {},
   "outputs": [
    {
     "data": {
      "text/html": [
       "<div>\n",
       "<style scoped>\n",
       "    .dataframe tbody tr th:only-of-type {\n",
       "        vertical-align: middle;\n",
       "    }\n",
       "\n",
       "    .dataframe tbody tr th {\n",
       "        vertical-align: top;\n",
       "    }\n",
       "\n",
       "    .dataframe thead th {\n",
       "        text-align: right;\n",
       "    }\n",
       "</style>\n",
       "<table border=\"1\" class=\"dataframe\">\n",
       "  <thead>\n",
       "    <tr style=\"text-align: right;\">\n",
       "      <th></th>\n",
       "      <th>crim</th>\n",
       "      <th>zn</th>\n",
       "      <th>indus</th>\n",
       "      <th>chas</th>\n",
       "      <th>nox</th>\n",
       "      <th>rm</th>\n",
       "      <th>age</th>\n",
       "      <th>dis</th>\n",
       "      <th>rad</th>\n",
       "      <th>tax</th>\n",
       "      <th>ptratio</th>\n",
       "      <th>b</th>\n",
       "      <th>lstat</th>\n",
       "      <th>medv</th>\n",
       "    </tr>\n",
       "  </thead>\n",
       "  <tbody>\n",
       "    <tr>\n",
       "      <th>0</th>\n",
       "      <td>0.00632</td>\n",
       "      <td>18.0</td>\n",
       "      <td>2.31</td>\n",
       "      <td>0</td>\n",
       "      <td>0.538</td>\n",
       "      <td>6.575</td>\n",
       "      <td>65.2</td>\n",
       "      <td>4.0900</td>\n",
       "      <td>1</td>\n",
       "      <td>296</td>\n",
       "      <td>15.3</td>\n",
       "      <td>396.90</td>\n",
       "      <td>4.98</td>\n",
       "      <td>24.0</td>\n",
       "    </tr>\n",
       "    <tr>\n",
       "      <th>1</th>\n",
       "      <td>0.02731</td>\n",
       "      <td>0.0</td>\n",
       "      <td>7.07</td>\n",
       "      <td>0</td>\n",
       "      <td>0.469</td>\n",
       "      <td>6.421</td>\n",
       "      <td>78.9</td>\n",
       "      <td>4.9671</td>\n",
       "      <td>2</td>\n",
       "      <td>242</td>\n",
       "      <td>17.8</td>\n",
       "      <td>396.90</td>\n",
       "      <td>9.14</td>\n",
       "      <td>21.6</td>\n",
       "    </tr>\n",
       "    <tr>\n",
       "      <th>2</th>\n",
       "      <td>0.02729</td>\n",
       "      <td>0.0</td>\n",
       "      <td>7.07</td>\n",
       "      <td>0</td>\n",
       "      <td>0.469</td>\n",
       "      <td>7.185</td>\n",
       "      <td>61.1</td>\n",
       "      <td>4.9671</td>\n",
       "      <td>2</td>\n",
       "      <td>242</td>\n",
       "      <td>17.8</td>\n",
       "      <td>392.83</td>\n",
       "      <td>4.03</td>\n",
       "      <td>34.7</td>\n",
       "    </tr>\n",
       "    <tr>\n",
       "      <th>3</th>\n",
       "      <td>0.03237</td>\n",
       "      <td>0.0</td>\n",
       "      <td>2.18</td>\n",
       "      <td>0</td>\n",
       "      <td>0.458</td>\n",
       "      <td>6.998</td>\n",
       "      <td>45.8</td>\n",
       "      <td>6.0622</td>\n",
       "      <td>3</td>\n",
       "      <td>222</td>\n",
       "      <td>18.7</td>\n",
       "      <td>394.63</td>\n",
       "      <td>2.94</td>\n",
       "      <td>33.4</td>\n",
       "    </tr>\n",
       "    <tr>\n",
       "      <th>4</th>\n",
       "      <td>0.06905</td>\n",
       "      <td>0.0</td>\n",
       "      <td>2.18</td>\n",
       "      <td>0</td>\n",
       "      <td>0.458</td>\n",
       "      <td>7.147</td>\n",
       "      <td>54.2</td>\n",
       "      <td>6.0622</td>\n",
       "      <td>3</td>\n",
       "      <td>222</td>\n",
       "      <td>18.7</td>\n",
       "      <td>396.90</td>\n",
       "      <td>5.33</td>\n",
       "      <td>36.2</td>\n",
       "    </tr>\n",
       "  </tbody>\n",
       "</table>\n",
       "</div>"
      ],
      "text/plain": [
       "      crim    zn  indus  chas    nox     rm   age     dis  rad  tax  ptratio  \\\n",
       "0  0.00632  18.0   2.31     0  0.538  6.575  65.2  4.0900    1  296     15.3   \n",
       "1  0.02731   0.0   7.07     0  0.469  6.421  78.9  4.9671    2  242     17.8   \n",
       "2  0.02729   0.0   7.07     0  0.469  7.185  61.1  4.9671    2  242     17.8   \n",
       "3  0.03237   0.0   2.18     0  0.458  6.998  45.8  6.0622    3  222     18.7   \n",
       "4  0.06905   0.0   2.18     0  0.458  7.147  54.2  6.0622    3  222     18.7   \n",
       "\n",
       "        b  lstat  medv  \n",
       "0  396.90   4.98  24.0  \n",
       "1  396.90   9.14  21.6  \n",
       "2  392.83   4.03  34.7  \n",
       "3  394.63   2.94  33.4  \n",
       "4  396.90   5.33  36.2  "
      ]
     },
     "execution_count": 44,
     "metadata": {},
     "output_type": "execute_result"
    }
   ],
   "source": [
    "df.head()"
   ]
  },
  {
   "cell_type": "code",
   "execution_count": 45,
   "id": "97c10f02",
   "metadata": {},
   "outputs": [
    {
     "data": {
      "text/plain": [
       "crim       0.000000\n",
       "zn         0.000000\n",
       "indus      0.000000\n",
       "chas       0.000000\n",
       "nox        0.000000\n",
       "rm         0.988142\n",
       "age        0.000000\n",
       "dis        0.000000\n",
       "rad        0.000000\n",
       "tax        0.000000\n",
       "ptratio    0.000000\n",
       "b          0.000000\n",
       "lstat      0.000000\n",
       "medv       0.000000\n",
       "dtype: float64"
      ]
     },
     "execution_count": 45,
     "metadata": {},
     "output_type": "execute_result"
    }
   ],
   "source": [
    "(df.isnull().sum()/len(df))*100"
   ]
  },
  {
   "cell_type": "code",
   "execution_count": 46,
   "id": "43f3cda5",
   "metadata": {},
   "outputs": [],
   "source": [
    "df.dropna(inplace=True, axis = 0)"
   ]
  },
  {
   "cell_type": "code",
   "execution_count": 47,
   "id": "d23e992c",
   "metadata": {},
   "outputs": [
    {
     "data": {
      "text/html": [
       "<div>\n",
       "<style scoped>\n",
       "    .dataframe tbody tr th:only-of-type {\n",
       "        vertical-align: middle;\n",
       "    }\n",
       "\n",
       "    .dataframe tbody tr th {\n",
       "        vertical-align: top;\n",
       "    }\n",
       "\n",
       "    .dataframe thead th {\n",
       "        text-align: right;\n",
       "    }\n",
       "</style>\n",
       "<table border=\"1\" class=\"dataframe\">\n",
       "  <thead>\n",
       "    <tr style=\"text-align: right;\">\n",
       "      <th></th>\n",
       "      <th>count</th>\n",
       "      <th>mean</th>\n",
       "      <th>std</th>\n",
       "      <th>min</th>\n",
       "      <th>25%</th>\n",
       "      <th>50%</th>\n",
       "      <th>75%</th>\n",
       "      <th>max</th>\n",
       "    </tr>\n",
       "  </thead>\n",
       "  <tbody>\n",
       "    <tr>\n",
       "      <th>crim</th>\n",
       "      <td>501.0</td>\n",
       "      <td>3.647414</td>\n",
       "      <td>8.637688</td>\n",
       "      <td>0.00632</td>\n",
       "      <td>0.08199</td>\n",
       "      <td>0.26169</td>\n",
       "      <td>3.69311</td>\n",
       "      <td>88.9762</td>\n",
       "    </tr>\n",
       "    <tr>\n",
       "      <th>zn</th>\n",
       "      <td>501.0</td>\n",
       "      <td>11.402196</td>\n",
       "      <td>23.414214</td>\n",
       "      <td>0.00000</td>\n",
       "      <td>0.00000</td>\n",
       "      <td>0.00000</td>\n",
       "      <td>12.50000</td>\n",
       "      <td>100.0000</td>\n",
       "    </tr>\n",
       "    <tr>\n",
       "      <th>indus</th>\n",
       "      <td>501.0</td>\n",
       "      <td>11.160619</td>\n",
       "      <td>6.857123</td>\n",
       "      <td>0.46000</td>\n",
       "      <td>5.19000</td>\n",
       "      <td>9.69000</td>\n",
       "      <td>18.10000</td>\n",
       "      <td>27.7400</td>\n",
       "    </tr>\n",
       "    <tr>\n",
       "      <th>chas</th>\n",
       "      <td>501.0</td>\n",
       "      <td>0.069860</td>\n",
       "      <td>0.255166</td>\n",
       "      <td>0.00000</td>\n",
       "      <td>0.00000</td>\n",
       "      <td>0.00000</td>\n",
       "      <td>0.00000</td>\n",
       "      <td>1.0000</td>\n",
       "    </tr>\n",
       "    <tr>\n",
       "      <th>nox</th>\n",
       "      <td>501.0</td>\n",
       "      <td>0.555151</td>\n",
       "      <td>0.116186</td>\n",
       "      <td>0.38500</td>\n",
       "      <td>0.44900</td>\n",
       "      <td>0.53800</td>\n",
       "      <td>0.62400</td>\n",
       "      <td>0.8710</td>\n",
       "    </tr>\n",
       "    <tr>\n",
       "      <th>rm</th>\n",
       "      <td>501.0</td>\n",
       "      <td>6.284341</td>\n",
       "      <td>0.705587</td>\n",
       "      <td>3.56100</td>\n",
       "      <td>5.88400</td>\n",
       "      <td>6.20800</td>\n",
       "      <td>6.62500</td>\n",
       "      <td>8.7800</td>\n",
       "    </tr>\n",
       "    <tr>\n",
       "      <th>age</th>\n",
       "      <td>501.0</td>\n",
       "      <td>68.513373</td>\n",
       "      <td>28.212221</td>\n",
       "      <td>2.90000</td>\n",
       "      <td>45.00000</td>\n",
       "      <td>77.70000</td>\n",
       "      <td>94.00000</td>\n",
       "      <td>100.0000</td>\n",
       "    </tr>\n",
       "    <tr>\n",
       "      <th>dis</th>\n",
       "      <td>501.0</td>\n",
       "      <td>3.786423</td>\n",
       "      <td>2.103327</td>\n",
       "      <td>1.12960</td>\n",
       "      <td>2.08820</td>\n",
       "      <td>3.18270</td>\n",
       "      <td>5.11800</td>\n",
       "      <td>12.1265</td>\n",
       "    </tr>\n",
       "    <tr>\n",
       "      <th>rad</th>\n",
       "      <td>501.0</td>\n",
       "      <td>9.596806</td>\n",
       "      <td>8.735509</td>\n",
       "      <td>1.00000</td>\n",
       "      <td>4.00000</td>\n",
       "      <td>5.00000</td>\n",
       "      <td>24.00000</td>\n",
       "      <td>24.0000</td>\n",
       "    </tr>\n",
       "    <tr>\n",
       "      <th>tax</th>\n",
       "      <td>501.0</td>\n",
       "      <td>409.143713</td>\n",
       "      <td>169.021216</td>\n",
       "      <td>187.00000</td>\n",
       "      <td>279.00000</td>\n",
       "      <td>330.00000</td>\n",
       "      <td>666.00000</td>\n",
       "      <td>711.0000</td>\n",
       "    </tr>\n",
       "    <tr>\n",
       "      <th>ptratio</th>\n",
       "      <td>501.0</td>\n",
       "      <td>18.453493</td>\n",
       "      <td>2.166327</td>\n",
       "      <td>12.60000</td>\n",
       "      <td>17.40000</td>\n",
       "      <td>19.00000</td>\n",
       "      <td>20.20000</td>\n",
       "      <td>22.0000</td>\n",
       "    </tr>\n",
       "    <tr>\n",
       "      <th>b</th>\n",
       "      <td>501.0</td>\n",
       "      <td>356.298523</td>\n",
       "      <td>91.672055</td>\n",
       "      <td>0.32000</td>\n",
       "      <td>375.21000</td>\n",
       "      <td>391.34000</td>\n",
       "      <td>396.23000</td>\n",
       "      <td>396.9000</td>\n",
       "    </tr>\n",
       "    <tr>\n",
       "      <th>lstat</th>\n",
       "      <td>501.0</td>\n",
       "      <td>12.643752</td>\n",
       "      <td>7.162746</td>\n",
       "      <td>1.73000</td>\n",
       "      <td>6.92000</td>\n",
       "      <td>11.38000</td>\n",
       "      <td>16.94000</td>\n",
       "      <td>37.9700</td>\n",
       "    </tr>\n",
       "    <tr>\n",
       "      <th>medv</th>\n",
       "      <td>501.0</td>\n",
       "      <td>22.561277</td>\n",
       "      <td>9.232435</td>\n",
       "      <td>5.00000</td>\n",
       "      <td>17.00000</td>\n",
       "      <td>21.20000</td>\n",
       "      <td>25.00000</td>\n",
       "      <td>50.0000</td>\n",
       "    </tr>\n",
       "  </tbody>\n",
       "</table>\n",
       "</div>"
      ],
      "text/plain": [
       "         count        mean         std        min        25%        50%  \\\n",
       "crim     501.0    3.647414    8.637688    0.00632    0.08199    0.26169   \n",
       "zn       501.0   11.402196   23.414214    0.00000    0.00000    0.00000   \n",
       "indus    501.0   11.160619    6.857123    0.46000    5.19000    9.69000   \n",
       "chas     501.0    0.069860    0.255166    0.00000    0.00000    0.00000   \n",
       "nox      501.0    0.555151    0.116186    0.38500    0.44900    0.53800   \n",
       "rm       501.0    6.284341    0.705587    3.56100    5.88400    6.20800   \n",
       "age      501.0   68.513373   28.212221    2.90000   45.00000   77.70000   \n",
       "dis      501.0    3.786423    2.103327    1.12960    2.08820    3.18270   \n",
       "rad      501.0    9.596806    8.735509    1.00000    4.00000    5.00000   \n",
       "tax      501.0  409.143713  169.021216  187.00000  279.00000  330.00000   \n",
       "ptratio  501.0   18.453493    2.166327   12.60000   17.40000   19.00000   \n",
       "b        501.0  356.298523   91.672055    0.32000  375.21000  391.34000   \n",
       "lstat    501.0   12.643752    7.162746    1.73000    6.92000   11.38000   \n",
       "medv     501.0   22.561277    9.232435    5.00000   17.00000   21.20000   \n",
       "\n",
       "               75%       max  \n",
       "crim       3.69311   88.9762  \n",
       "zn        12.50000  100.0000  \n",
       "indus     18.10000   27.7400  \n",
       "chas       0.00000    1.0000  \n",
       "nox        0.62400    0.8710  \n",
       "rm         6.62500    8.7800  \n",
       "age       94.00000  100.0000  \n",
       "dis        5.11800   12.1265  \n",
       "rad       24.00000   24.0000  \n",
       "tax      666.00000  711.0000  \n",
       "ptratio   20.20000   22.0000  \n",
       "b        396.23000  396.9000  \n",
       "lstat     16.94000   37.9700  \n",
       "medv      25.00000   50.0000  "
      ]
     },
     "execution_count": 47,
     "metadata": {},
     "output_type": "execute_result"
    }
   ],
   "source": [
    "df.describe().T"
   ]
  },
  {
   "cell_type": "code",
   "execution_count": 48,
   "id": "a6afb0f3",
   "metadata": {},
   "outputs": [
    {
     "data": {
      "text/html": [
       "<div>\n",
       "<style scoped>\n",
       "    .dataframe tbody tr th:only-of-type {\n",
       "        vertical-align: middle;\n",
       "    }\n",
       "\n",
       "    .dataframe tbody tr th {\n",
       "        vertical-align: top;\n",
       "    }\n",
       "\n",
       "    .dataframe thead th {\n",
       "        text-align: right;\n",
       "    }\n",
       "</style>\n",
       "<table border=\"1\" class=\"dataframe\">\n",
       "  <thead>\n",
       "    <tr style=\"text-align: right;\">\n",
       "      <th></th>\n",
       "      <th>crim</th>\n",
       "      <th>zn</th>\n",
       "      <th>indus</th>\n",
       "      <th>chas</th>\n",
       "      <th>nox</th>\n",
       "      <th>rm</th>\n",
       "      <th>age</th>\n",
       "      <th>dis</th>\n",
       "      <th>rad</th>\n",
       "      <th>tax</th>\n",
       "      <th>ptratio</th>\n",
       "      <th>b</th>\n",
       "      <th>lstat</th>\n",
       "      <th>medv</th>\n",
       "    </tr>\n",
       "  </thead>\n",
       "  <tbody>\n",
       "    <tr>\n",
       "      <th>crim</th>\n",
       "      <td>1.000000</td>\n",
       "      <td>-0.201470</td>\n",
       "      <td>0.407544</td>\n",
       "      <td>-0.057032</td>\n",
       "      <td>0.420611</td>\n",
       "      <td>-0.219433</td>\n",
       "      <td>0.354739</td>\n",
       "      <td>-0.380572</td>\n",
       "      <td>0.624932</td>\n",
       "      <td>0.582243</td>\n",
       "      <td>0.291731</td>\n",
       "      <td>-0.384064</td>\n",
       "      <td>0.457304</td>\n",
       "      <td>-0.390251</td>\n",
       "    </tr>\n",
       "    <tr>\n",
       "      <th>zn</th>\n",
       "      <td>-0.201470</td>\n",
       "      <td>1.000000</td>\n",
       "      <td>-0.536624</td>\n",
       "      <td>-0.043209</td>\n",
       "      <td>-0.518108</td>\n",
       "      <td>0.311173</td>\n",
       "      <td>-0.569695</td>\n",
       "      <td>0.665634</td>\n",
       "      <td>-0.314530</td>\n",
       "      <td>-0.315991</td>\n",
       "      <td>-0.392956</td>\n",
       "      <td>0.176529</td>\n",
       "      <td>-0.413820</td>\n",
       "      <td>0.360031</td>\n",
       "    </tr>\n",
       "    <tr>\n",
       "      <th>indus</th>\n",
       "      <td>0.407544</td>\n",
       "      <td>-0.536624</td>\n",
       "      <td>1.000000</td>\n",
       "      <td>0.062351</td>\n",
       "      <td>0.762937</td>\n",
       "      <td>-0.394193</td>\n",
       "      <td>0.646157</td>\n",
       "      <td>-0.709741</td>\n",
       "      <td>0.597721</td>\n",
       "      <td>0.720800</td>\n",
       "      <td>0.382633</td>\n",
       "      <td>-0.357817</td>\n",
       "      <td>0.605595</td>\n",
       "      <td>-0.486625</td>\n",
       "    </tr>\n",
       "    <tr>\n",
       "      <th>chas</th>\n",
       "      <td>-0.057032</td>\n",
       "      <td>-0.043209</td>\n",
       "      <td>0.062351</td>\n",
       "      <td>1.000000</td>\n",
       "      <td>0.090371</td>\n",
       "      <td>0.091468</td>\n",
       "      <td>0.087384</td>\n",
       "      <td>-0.098696</td>\n",
       "      <td>-0.008872</td>\n",
       "      <td>-0.037146</td>\n",
       "      <td>-0.121830</td>\n",
       "      <td>0.049972</td>\n",
       "      <td>-0.053698</td>\n",
       "      <td>0.174679</td>\n",
       "    </tr>\n",
       "    <tr>\n",
       "      <th>nox</th>\n",
       "      <td>0.420611</td>\n",
       "      <td>-0.518108</td>\n",
       "      <td>0.762937</td>\n",
       "      <td>0.090371</td>\n",
       "      <td>1.000000</td>\n",
       "      <td>-0.302751</td>\n",
       "      <td>0.732899</td>\n",
       "      <td>-0.771108</td>\n",
       "      <td>0.611942</td>\n",
       "      <td>0.666959</td>\n",
       "      <td>0.188830</td>\n",
       "      <td>-0.379640</td>\n",
       "      <td>0.591749</td>\n",
       "      <td>-0.428812</td>\n",
       "    </tr>\n",
       "    <tr>\n",
       "      <th>rm</th>\n",
       "      <td>-0.219433</td>\n",
       "      <td>0.311173</td>\n",
       "      <td>-0.394193</td>\n",
       "      <td>0.091468</td>\n",
       "      <td>-0.302751</td>\n",
       "      <td>1.000000</td>\n",
       "      <td>-0.240286</td>\n",
       "      <td>0.203507</td>\n",
       "      <td>-0.210718</td>\n",
       "      <td>-0.292794</td>\n",
       "      <td>-0.357612</td>\n",
       "      <td>0.128107</td>\n",
       "      <td>-0.615721</td>\n",
       "      <td>0.696169</td>\n",
       "    </tr>\n",
       "    <tr>\n",
       "      <th>age</th>\n",
       "      <td>0.354739</td>\n",
       "      <td>-0.569695</td>\n",
       "      <td>0.646157</td>\n",
       "      <td>0.087384</td>\n",
       "      <td>0.732899</td>\n",
       "      <td>-0.240286</td>\n",
       "      <td>1.000000</td>\n",
       "      <td>-0.751500</td>\n",
       "      <td>0.460090</td>\n",
       "      <td>0.508338</td>\n",
       "      <td>0.264496</td>\n",
       "      <td>-0.275366</td>\n",
       "      <td>0.601124</td>\n",
       "      <td>-0.375437</td>\n",
       "    </tr>\n",
       "    <tr>\n",
       "      <th>dis</th>\n",
       "      <td>-0.380572</td>\n",
       "      <td>0.665634</td>\n",
       "      <td>-0.709741</td>\n",
       "      <td>-0.098696</td>\n",
       "      <td>-0.771108</td>\n",
       "      <td>0.203507</td>\n",
       "      <td>-0.751500</td>\n",
       "      <td>1.000000</td>\n",
       "      <td>-0.497970</td>\n",
       "      <td>-0.534763</td>\n",
       "      <td>-0.231444</td>\n",
       "      <td>0.291847</td>\n",
       "      <td>-0.501168</td>\n",
       "      <td>0.251709</td>\n",
       "    </tr>\n",
       "    <tr>\n",
       "      <th>rad</th>\n",
       "      <td>0.624932</td>\n",
       "      <td>-0.314530</td>\n",
       "      <td>0.597721</td>\n",
       "      <td>-0.008872</td>\n",
       "      <td>0.611942</td>\n",
       "      <td>-0.210718</td>\n",
       "      <td>0.460090</td>\n",
       "      <td>-0.497970</td>\n",
       "      <td>1.000000</td>\n",
       "      <td>0.910911</td>\n",
       "      <td>0.467820</td>\n",
       "      <td>-0.443338</td>\n",
       "      <td>0.491477</td>\n",
       "      <td>-0.384730</td>\n",
       "    </tr>\n",
       "    <tr>\n",
       "      <th>tax</th>\n",
       "      <td>0.582243</td>\n",
       "      <td>-0.315991</td>\n",
       "      <td>0.720800</td>\n",
       "      <td>-0.037146</td>\n",
       "      <td>0.666959</td>\n",
       "      <td>-0.292794</td>\n",
       "      <td>0.508338</td>\n",
       "      <td>-0.534763</td>\n",
       "      <td>0.910911</td>\n",
       "      <td>1.000000</td>\n",
       "      <td>0.462718</td>\n",
       "      <td>-0.440891</td>\n",
       "      <td>0.545687</td>\n",
       "      <td>-0.471253</td>\n",
       "    </tr>\n",
       "    <tr>\n",
       "      <th>ptratio</th>\n",
       "      <td>0.291731</td>\n",
       "      <td>-0.392956</td>\n",
       "      <td>0.382633</td>\n",
       "      <td>-0.121830</td>\n",
       "      <td>0.188830</td>\n",
       "      <td>-0.357612</td>\n",
       "      <td>0.264496</td>\n",
       "      <td>-0.231444</td>\n",
       "      <td>0.467820</td>\n",
       "      <td>0.462718</td>\n",
       "      <td>1.000000</td>\n",
       "      <td>-0.178813</td>\n",
       "      <td>0.378862</td>\n",
       "      <td>-0.511897</td>\n",
       "    </tr>\n",
       "    <tr>\n",
       "      <th>b</th>\n",
       "      <td>-0.384064</td>\n",
       "      <td>0.176529</td>\n",
       "      <td>-0.357817</td>\n",
       "      <td>0.049972</td>\n",
       "      <td>-0.379640</td>\n",
       "      <td>0.128107</td>\n",
       "      <td>-0.275366</td>\n",
       "      <td>0.291847</td>\n",
       "      <td>-0.443338</td>\n",
       "      <td>-0.440891</td>\n",
       "      <td>-0.178813</td>\n",
       "      <td>1.000000</td>\n",
       "      <td>-0.367588</td>\n",
       "      <td>0.335387</td>\n",
       "    </tr>\n",
       "    <tr>\n",
       "      <th>lstat</th>\n",
       "      <td>0.457304</td>\n",
       "      <td>-0.413820</td>\n",
       "      <td>0.605595</td>\n",
       "      <td>-0.053698</td>\n",
       "      <td>0.591749</td>\n",
       "      <td>-0.615721</td>\n",
       "      <td>0.601124</td>\n",
       "      <td>-0.501168</td>\n",
       "      <td>0.491477</td>\n",
       "      <td>0.545687</td>\n",
       "      <td>0.378862</td>\n",
       "      <td>-0.367588</td>\n",
       "      <td>1.000000</td>\n",
       "      <td>-0.737720</td>\n",
       "    </tr>\n",
       "    <tr>\n",
       "      <th>medv</th>\n",
       "      <td>-0.390251</td>\n",
       "      <td>0.360031</td>\n",
       "      <td>-0.486625</td>\n",
       "      <td>0.174679</td>\n",
       "      <td>-0.428812</td>\n",
       "      <td>0.696169</td>\n",
       "      <td>-0.375437</td>\n",
       "      <td>0.251709</td>\n",
       "      <td>-0.384730</td>\n",
       "      <td>-0.471253</td>\n",
       "      <td>-0.511897</td>\n",
       "      <td>0.335387</td>\n",
       "      <td>-0.737720</td>\n",
       "      <td>1.000000</td>\n",
       "    </tr>\n",
       "  </tbody>\n",
       "</table>\n",
       "</div>"
      ],
      "text/plain": [
       "             crim        zn     indus      chas       nox        rm       age  \\\n",
       "crim     1.000000 -0.201470  0.407544 -0.057032  0.420611 -0.219433  0.354739   \n",
       "zn      -0.201470  1.000000 -0.536624 -0.043209 -0.518108  0.311173 -0.569695   \n",
       "indus    0.407544 -0.536624  1.000000  0.062351  0.762937 -0.394193  0.646157   \n",
       "chas    -0.057032 -0.043209  0.062351  1.000000  0.090371  0.091468  0.087384   \n",
       "nox      0.420611 -0.518108  0.762937  0.090371  1.000000 -0.302751  0.732899   \n",
       "rm      -0.219433  0.311173 -0.394193  0.091468 -0.302751  1.000000 -0.240286   \n",
       "age      0.354739 -0.569695  0.646157  0.087384  0.732899 -0.240286  1.000000   \n",
       "dis     -0.380572  0.665634 -0.709741 -0.098696 -0.771108  0.203507 -0.751500   \n",
       "rad      0.624932 -0.314530  0.597721 -0.008872  0.611942 -0.210718  0.460090   \n",
       "tax      0.582243 -0.315991  0.720800 -0.037146  0.666959 -0.292794  0.508338   \n",
       "ptratio  0.291731 -0.392956  0.382633 -0.121830  0.188830 -0.357612  0.264496   \n",
       "b       -0.384064  0.176529 -0.357817  0.049972 -0.379640  0.128107 -0.275366   \n",
       "lstat    0.457304 -0.413820  0.605595 -0.053698  0.591749 -0.615721  0.601124   \n",
       "medv    -0.390251  0.360031 -0.486625  0.174679 -0.428812  0.696169 -0.375437   \n",
       "\n",
       "              dis       rad       tax   ptratio         b     lstat      medv  \n",
       "crim    -0.380572  0.624932  0.582243  0.291731 -0.384064  0.457304 -0.390251  \n",
       "zn       0.665634 -0.314530 -0.315991 -0.392956  0.176529 -0.413820  0.360031  \n",
       "indus   -0.709741  0.597721  0.720800  0.382633 -0.357817  0.605595 -0.486625  \n",
       "chas    -0.098696 -0.008872 -0.037146 -0.121830  0.049972 -0.053698  0.174679  \n",
       "nox     -0.771108  0.611942  0.666959  0.188830 -0.379640  0.591749 -0.428812  \n",
       "rm       0.203507 -0.210718 -0.292794 -0.357612  0.128107 -0.615721  0.696169  \n",
       "age     -0.751500  0.460090  0.508338  0.264496 -0.275366  0.601124 -0.375437  \n",
       "dis      1.000000 -0.497970 -0.534763 -0.231444  0.291847 -0.501168  0.251709  \n",
       "rad     -0.497970  1.000000  0.910911  0.467820 -0.443338  0.491477 -0.384730  \n",
       "tax     -0.534763  0.910911  1.000000  0.462718 -0.440891  0.545687 -0.471253  \n",
       "ptratio -0.231444  0.467820  0.462718  1.000000 -0.178813  0.378862 -0.511897  \n",
       "b        0.291847 -0.443338 -0.440891 -0.178813  1.000000 -0.367588  0.335387  \n",
       "lstat   -0.501168  0.491477  0.545687  0.378862 -0.367588  1.000000 -0.737720  \n",
       "medv     0.251709 -0.384730 -0.471253 -0.511897  0.335387 -0.737720  1.000000  "
      ]
     },
     "execution_count": 48,
     "metadata": {},
     "output_type": "execute_result"
    }
   ],
   "source": [
    "corr_matrix = df.corr()\n",
    "corr_matrix.T"
   ]
  },
  {
   "cell_type": "code",
   "execution_count": 49,
   "id": "6f0ef3aa",
   "metadata": {},
   "outputs": [],
   "source": [
    "# import seaborn as sns\n",
    "# sns.pairplot(df)"
   ]
  },
  {
   "cell_type": "code",
   "execution_count": 50,
   "id": "49051366",
   "metadata": {},
   "outputs": [
    {
     "data": {
      "text/plain": [
       "<matplotlib.collections.PathCollection at 0x22e8e883b50>"
      ]
     },
     "execution_count": 50,
     "metadata": {},
     "output_type": "execute_result"
    },
    {
     "data": {
